23.0,2.0,0.5994721866620238
19.0,1.0,0.5418781933394106
27.0,2.0,0.5882311110746943
22.0,1.0,0.4938786999644855
26.0,2.0,0.8564364153784342
28.0,2.0,0.6879904143113111
29.0,2.0,0.3944065000085781
26.0,2.0,0.6305022461590573
22.0,1.0,0.3587133000255562
22.0,1.0,0.6036659999684032
32.0,1.0,0.6453976400351773
25.0,1.0,0.5681958533202608
23.0,1.0,0.8109835923051623
32.0,2.0,0.4491496000050877
22.0,2.0,0.5963971999978336
26.0,2.0,0.8218874999930939
26.0,2.0,0.6894019533569614
21.0,1.0,0.6337463266643074
25.0,2.0,0.5427514399945115
33.0,1.0,0.5953425800039743
25.0,1.0,0.6726241461807289
30.0,1.0,0.6014699200013032
18.0,1.0,0.6951808999758213
30.0,2.0,0.6842208357141187
38.0,1.0,0.6599913133230682
21.0,1.0,0.5345991466667631
23.0,1.0,0.7834217799982677
27.0,1.0,0.9921366615383774
44.0,1.0,0.5879234666664463
36.0,1.0,0.6105682428585298
22.0,1.0,0.3936377866193652
30.0,1.0,0.6272233714283045
21.0,1.0,0.7474120785981151
21.0,1.0,0.7186715214546504
28.0,2.0,0.8634192142302969
21.0,2.0,0.9393259666860104
27.0,2.0,0.6379757666572308
33.0,2.0,0.314418079998965
36.0,1.0,0.562959719945987
23.0,1.0,0.4979714599942478
24.0,2.0,0.4165953214230415
25.0,1.0,1.0057244356555333
25.0,1.0,0.7498105454300954
41.0,1.0,0.8047925666905941
24.0,1.0,0.7169584785920701
22.0,2.0,0.4835063533391804
26.0,2.0,0.4029392933395381
18.0,1.0,0.9795995857192404
24.0,2.0,0.5110217133071273
19.0,2.0,0.4540811266653085
26.0,1.0,0.6599845666671171
18.0,1.0,0.601603306666948
22.0,1.0,0.4928599533236896
41.0,2.0,0.5736683090852405
39.0,2.0,0.8155792142996299
22.0,1.0,0.6502972999979437
21.0,2.0,0.7731465399614535
24.0,1.0,0.5915358499790143
32.0,1.0,0.6858552866731771
27.0,2.0,1.1753307307685297
24.0,2.0,0.7570416466798633
20.0,2.0,1.20336106667916
21.0,2.0,0.7310940357149646
22.0,1.0,0.6142310199968051
21.0,1.0,0.6071131799835712
52.0,1.0,0.8439767799961071
35.0,1.0,0.5601445866663805
30.0,2.0,0.7167686857033654
22.0,2.0,0.8011873800152292
19.0,2.0,0.7974177785716685
20.0,2.0,0.5300939266259471
25.0,1.0,1.0983592666685582
23.0,2.0,0.4788695600077821
22.0,2.0,0.9238447799968222
25.0,1.0,0.8655754200027634
27.0,1.0,0.4587169600185007
34.0,1.0,0.8388232599982681
22.0,1.0,0.5270761266661187
43.0,1.0,0.6339870266461124
28.0,2.0,0.6438569857938481
21.0,1.0,0.5219695533470561
21.0,2.0,0.415830850135535
34.0,1.0,0.6423185933332812
26.0,2.0,0.8382790933332823
22.0,2.0,0.8181581400334835
21.0,1.0,0.7429315071203746
29.0,2.0,0.6951734533378233
24.0,2.0,0.6995729856924819
30.0,2.0,0.4188501733332183
29.0,2.0,0.5563759200042113
23.0,2.0,0.7550336466675314
23.0,1.0,1.0830546923076467
22.0,1.0,0.7802851333321693
22.0,2.0,1.0109162266676626
18.0,1.0,0.6869234400141674
23.0,1.0,0.676299406667628
22.0,1.0,0.5517178600006446
19.0,1.0,0.5502284266675512
22.0,2.0,0.5669435000008283
22.0,1.0,0.5287379866776367
20.0,1.0,0.619436806673184
22.0,2.0,0.8156218555458408
23.0,2.0,0.9562205636360556
19.0,1.0,0.5692355461517133
27.0,2.0,0.6214353231211694
22.0,1.0,0.7666031363716518
26.0,2.0,0.7376645363613286
28.0,2.0,0.6687277182090011
29.0,2.0,0.5712846928425799
26.0,2.0,0.7557186499637153
22.0,1.0,0.3100963333272375
22.0,1.0,0.9098615500377492
32.0,1.0,0.7849834733176977
25.0,1.0,0.7122211642729651
23.0,1.0,0.8904658777788023
32.0,2.0,0.6510033285760853
22.0,2.0,0.6979164466417084
26.0,2.0,0.9007133666891605
26.0,2.0,0.8464692999841645
21.0,1.0,0.8511658266691181
25.0,2.0,0.7065253142832911
33.0,1.0,0.6917625000157083
25.0,1.0,0.7739240363642405
30.0,1.0,0.8767087833063366
18.0,1.0,0.9165946750435978
30.0,2.0,0.6030854200003279
38.0,1.0,0.957731178562556
21.0,1.0,0.6703577071428819
23.0,1.0,0.947655815384888
27.0,1.0,0.9810438300006352
44.0,1.0,0.8173526363643759
36.0,1.0,0.7722888769225952
22.0,1.0,0.5731572922892295
30.0,1.0,0.7161438154020848
21.0,1.0,0.7916947200195864
21.0,1.0,0.7757780642548043
28.0,2.0,0.9359704417098934
21.0,2.0,1.1509423636069351
27.0,2.0,0.7230930461709459
33.0,2.0,0.4277841428660655
36.0,1.0,0.7243562538463336
23.0,1.0,0.6462922083252729
24.0,2.0,0.5625372785808784
25.0,1.0,0.9382659214482244
25.0,1.0,0.9289575181901456
41.0,1.0,0.8226699857207548
24.0,1.0,0.8518962199799717
22.0,2.0,0.6742406533410151
26.0,2.0,0.5241000428629506
18.0,1.0,0.9909083363652992
24.0,2.0,0.6375539733252178
19.0,2.0,0.6031857142858955
26.0,1.0,0.8102102200073811
18.0,1.0,0.6863931071295936
22.0,1.0,0.614983128566694
41.0,2.0,0.6880387692251063
39.0,2.0,0.914422171431527
22.0,1.0,0.8914688416674229
21.0,2.0,0.867056942860862
24.0,1.0,0.7883342785561192
32.0,1.0,0.7131411999919995
27.0,2.0,1.0106437799928245
24.0,2.0,0.8272892363602296
20.0,2.0,0.5985838000196964
21.0,2.0,0.7003825250018659
22.0,1.0,0.8656459000000419
21.0,1.0,0.7194795749965124
52.0,1.0,0.9146868923607354
35.0,1.0,0.7942147599998861
30.0,2.0,1.025092400007204
22.0,2.0,0.913577153848914
19.0,2.0,0.9471763817974452
20.0,2.0,0.5745478933366637
25.0,1.0,1.0826980333222311
23.0,2.0,0.8206501266763856
22.0,2.0,1.02611186663853
25.0,1.0,0.8778796538065833
27.0,1.0,0.731963438501295
34.0,1.0,0.8333361571401058
22.0,1.0,0.6476201307512104
43.0,1.0,0.8177755538445826
28.0,2.0,0.7956579334102571
21.0,1.0,0.6499234466968725
21.0,2.0,0.9645546001071732
34.0,1.0,0.7833575666700199
26.0,2.0,0.8848977363636963
22.0,2.0,0.7396443999605253
21.0,1.0,0.8211035091027786
29.0,2.0,0.9440191538395504
24.0,2.0,0.7022864691769848
30.0,2.0,0.4784441666664255
29.0,2.0,0.6928459153904651
23.0,2.0,1.0585966999978365
23.0,1.0,1.0177779699999974
22.0,1.0,0.6665953615380343
22.0,2.0,1.1128000615236278
18.0,1.0,0.8115605583346527
23.0,1.0,0.9054904066647091
22.0,1.0,0.8677565642854981
19.0,1.0,0.6324919666609882
22.0,2.0,0.7116253363598265
22.0,1.0,0.5707022785874349
20.0,1.0,0.9343987071354476
22.0,2.0,0.7987921000021743
23.0,2.0,0.6420439615456137
19.0,1.0,0.5540013785752568
27.0,2.0,0.7378319065862645
22.0,1.0,0.7337194230729858
26.0,2.0,0.6331440866614382
28.0,2.0,0.6694066142995975
29.0,2.0,0.5289422500063665
26.0,2.0,0.7499501199927181
22.0,1.0,0.3305819333375742
22.0,1.0,0.7019343636718325
32.0,1.0,0.8964215999973627
25.0,1.0,0.6694931214109862
23.0,1.0,0.7475563071399977
32.0,2.0,0.5837053666512172
22.0,2.0,0.6402496461434146
26.0,2.0,0.8605134154025179
26.0,2.0,0.6549259066892167
21.0,1.0,0.6895268307774901
25.0,2.0,0.6177678533286477
33.0,1.0,0.5971714866580442
25.0,1.0,0.6386667142838373
30.0,1.0,0.769538018132814
18.0,1.0,0.8352341000169802
30.0,2.0,0.6195662466634531
38.0,1.0,0.7683930071237098
21.0,1.0,0.4863459066665807
23.0,1.0,0.954503207151512
27.0,1.0,0.9629527636365808
44.0,1.0,0.6636616799999805
36.0,1.0,0.5008229700004451
22.0,1.0,0.5057951266877353
30.0,1.0,0.5506284000252241
21.0,1.0,1.0287870200350882
21.0,1.0,0.8791431066890557
28.0,2.0,0.9403574499301612
21.0,2.0,0.9491494832327588
27.0,2.0,0.8223395066491018
33.0,2.0,0.4226136066485197
36.0,1.0,0.6231087846323274
23.0,1.0,0.6109399538478241
24.0,2.0,0.4429973066629221
25.0,1.0,0.9665695866880316
25.0,1.0,0.7361710214920875
41.0,1.0,0.8349309428761315
24.0,1.0,0.7855505732819438
22.0,2.0,0.5493791733092318
26.0,2.0,0.50705178664842
18.0,1.0,0.8656388500031815
24.0,2.0,0.4468503800220788
19.0,2.0,0.6619838933334298
26.0,1.0,0.5997292199870572
18.0,1.0,0.718743858335074
22.0,1.0,0.4429694357427901
41.0,2.0,0.5944254399975761
39.0,2.0,0.8792796399832393
22.0,1.0,0.8975517399987438
21.0,2.0,0.8271533285816466
24.0,1.0,0.6608943400128434
32.0,1.0,0.7913893800073614
27.0,2.0,0.967729783335623
24.0,2.0,0.881101942829056
20.0,2.0,1.430938400095329
21.0,2.0,0.5564398200037733
22.0,1.0,0.8497750461549283
21.0,1.0,0.7605365642812103
52.0,1.0,0.923709913327669
35.0,1.0,0.6288929866668089
30.0,2.0,0.8374642214122494
22.0,2.0,0.8008008999944044
19.0,2.0,0.7539734928702403
20.0,2.0,0.5141099071063634
25.0,1.0,0.904637142862027
23.0,2.0,0.4496710733394138
22.0,2.0,0.8639164615350847
25.0,1.0,0.7928794571364831
27.0,1.0,0.4629608600555609
34.0,1.0,0.8434237333286243
22.0,1.0,0.6595837399751568
43.0,1.0,0.6060541933091979
28.0,2.0,0.6149844533453385
21.0,1.0,0.5438148799973229
21.0,2.0,0.533024685789964
34.0,1.0,0.6982466333344443
26.0,2.0,0.8307686466664259
22.0,2.0,0.5988043998368084
21.0,1.0,0.7358963933230067
29.0,2.0,0.8048981142928824
24.0,2.0,0.8359577857357051
30.0,2.0,0.4047961400000834
29.0,2.0,0.5839390666573309
23.0,2.0,0.8597011230774044
23.0,1.0,1.0274406363636528
22.0,1.0,0.7102636333341555
22.0,2.0,1.0181575461398238
18.0,1.0,0.6428888933345055
23.0,1.0,0.7248884733339461
22.0,1.0,0.6209159866669022
19.0,1.0,0.6301556999989164
22.0,2.0,0.8334159571386408
22.0,1.0,0.6733062133348237
20.0,1.0,0.6544497428611586
22.0,2.0,0.9014264333285004
23.0,2.0,0.7627605250042203
19.0,1.0,0.5878993533338265
27.0,2.0,0.696545866680228
22.0,1.0,0.7273365000395903
26.0,2.0,0.7339622999923969
28.0,2.0,0.6744588818401098
29.0,2.0,0.4321020466585954
26.0,2.0,0.6027656333055347
22.0,1.0,1.2729091999935918
22.0,1.0,0.5800630857037115
32.0,1.0,0.6674802199782183
25.0,1.0,0.6076305866551895
23.0,1.0,0.7602709266657863
32.0,2.0,0.5015503856952169
22.0,2.0,0.6657111428711298
26.0,2.0,0.8486205714122791
26.0,2.0,0.6972717466764152
21.0,1.0,0.5766477600050469
25.0,2.0,0.530248406669125
33.0,1.0,0.490571738471492
25.0,1.0,0.6776278266605611
30.0,1.0,0.5659797615192544
18.0,1.0,0.7137312599768241
30.0,2.0,0.6150676933320938
38.0,1.0,0.7436780799956372
21.0,1.0,0.5881312428571489
23.0,1.0,0.8799239076906815
27.0,1.0,0.9346857272734764
44.0,1.0,0.5974890599994979
36.0,1.0,0.6462956533340427
22.0,1.0,0.4410979666747153
30.0,1.0,0.5306154399955024
21.0,1.0,0.7453506928535977
21.0,1.0,0.6428997466961542
28.0,2.0,0.8306410001047576
21.0,2.0,0.7530447266995907
27.0,2.0,0.7431746499995435
33.0,2.0,0.3627987500180357
36.0,1.0,0.6493931133144846
23.0,1.0,0.5979179466725327
24.0,2.0,0.486976233338161
25.0,1.0,1.001165523050496
25.0,1.0,0.8519634374824818
41.0,1.0,0.901315115374298
24.0,1.0,0.5735811307094991
22.0,2.0,0.5462005533122768
26.0,2.0,0.4608379666615898
18.0,1.0,1.0434055750083644
24.0,2.0,0.5725432666794708
19.0,2.0,0.5709690533355266
26.0,1.0,0.8588891533358644
18.0,1.0,0.6812625076854602
22.0,1.0,0.5055596199895566
41.0,2.0,0.6961081818153616
39.0,2.0,0.9368798999930732
22.0,1.0,0.8279676749989449
21.0,2.0,0.8135964250153241
24.0,1.0,0.7201335933990777
32.0,1.0,0.6794142142877847
27.0,2.0,0.995158284616012
24.0,2.0,0.646066513331607
20.0,2.0,0.9673872001003474
21.0,2.0,0.6729936733279221
22.0,1.0,0.6750796714248801
21.0,1.0,0.5705584230958126
52.0,1.0,0.8561860200638572
35.0,1.0,0.7328028428569918
30.0,2.0,0.6678274785517715
22.0,2.0,0.8769771769069709
19.0,2.0,0.8224068133315693
20.0,2.0,0.4834056071205331
25.0,1.0,0.9633719692311178
23.0,2.0,0.539100353322768
22.0,2.0,0.8358624714227127
25.0,1.0,0.864915215356562
27.0,1.0,0.4111565733483682
34.0,1.0,0.6710768357172908
22.0,1.0,0.449743969222674
43.0,1.0,0.5998095866447936
28.0,2.0,0.5656592332758009
21.0,1.0,0.5326303922965263
21.0,2.0,0.7540029501542449
34.0,1.0,0.5679284666669749
26.0,2.0,0.7768368200001229
22.0,2.0,0.7569547250168398
21.0,1.0,0.7268593400173509
29.0,2.0,0.6769419000151434
24.0,2.0,0.7034003133730342
30.0,2.0,0.4561224230771516
29.0,2.0,0.5383348199849327
23.0,2.0,0.7272904999969926
23.0,1.0,1.0652414272728328
22.0,1.0,0.6189405399995546
22.0,2.0,1.1126252571287163
18.0,1.0,0.7422360199969262
23.0,1.0,0.6347853066710134
22.0,1.0,0.6694976083332828
19.0,1.0,0.4766313199982202
22.0,2.0,0.5825000357123956
22.0,1.0,0.5178004733364409
20.0,1.0,0.7570165266632103
22.0,2.0,0.8196019999973941
