-0.116185	-3.500000	2
-0.173779	-7.500000	1
-0.127426	0.500000	2
-0.221778	2.500000	1
0.140779	-3.500000	2
-0.027667	-3.500000	2
-0.321250	-0.500000	2
-0.085155	-2.500000	2
-0.356944	6.500000	1
-0.111991	-3.500000	1
-0.070259	0.500000	1
-0.147461	-4.500000	1
0.095327	0.500000	1
-0.266507	-4.500000	2
-0.119260	-0.500000	2
0.106231	7.500000	2
-0.026255	-2.500000	2
-0.081911	18.500000	1
-0.172905	-3.500000	2
-0.120314	4.500000	1
-0.043033	-4.500000	1
-0.114187	-4.500000	1
-0.020476	1.500000	1
-0.031436	7.500000	2
-0.055666	10.500000	1
-0.181058	-2.500000	1
0.067765	-1.500000	1
0.276480	-0.500000	1
-0.127733	-0.500000	1
-0.105089	-1.500000	1
-0.322019	-1.500000	1
-0.088434	9.500000	1
0.031755	-6.500000	1
0.003015	0.500000	1
0.147762	-3.500000	2
0.223669	15.500000	2
-0.077681	-4.500000	2
-0.401239	-1.500000	2
-0.152697	-1.500000	1
-0.217685	-4.500000	1
-0.299062	-3.500000	2
0.290068	26.500000	1
0.034154	9.500000	1
0.089136	4.500000	1
0.001302	-6.500000	1
-0.232151	-2.500000	2
-0.312718	8.500000	2
0.263943	17.500000	1
-0.204635	-4.500000	2
-0.261576	-3.500000	2
-0.055672	-2.500000	1
-0.114054	-3.500000	1
-0.222797	-6.500000	1
0.240564	-3.500000	2
-0.146421	-7.500000	1
-0.094222	0.500000	2
0.050946	2.500000	1
0.022008	-3.500000	2
-0.046929	-3.500000	2
-0.144372	-0.500000	2
0.040062	-2.500000	2
-0.405561	6.500000	1
0.194205	-3.500000	1
0.069327	0.500000	1
-0.003436	-4.500000	1
0.174809	0.500000	1
-0.064654	-4.500000	2
-0.017740	-0.500000	2
0.185056	7.500000	2
0.130812	-2.500000	2
0.135509	18.500000	1
-0.009132	-3.500000	2
-0.023894	4.500000	1
0.058267	-4.500000	1
0.161052	-4.500000	1
0.200938	1.500000	1
-0.112571	7.500000	2
0.242074	10.500000	1
-0.045299	-2.500000	1
0.231999	-1.500000	1
0.265387	-0.500000	1
0.101696	-0.500000	1
0.056632	-1.500000	1
-0.142500	-1.500000	1
0.000487	9.500000	1
0.076038	-6.500000	1
0.060121	0.500000	1
0.220314	-3.500000	2
0.435285	15.500000	2
0.007436	-4.500000	2
-0.287873	-1.500000	2
0.008699	-1.500000	1
-0.069365	-4.500000	1
-0.153120	-3.500000	2
0.222609	26.500000	1
0.213301	9.500000	1
0.107013	4.500000	1
0.136239	-6.500000	1
-0.041416	-2.500000	2
-0.191557	8.500000	2
0.275251	17.500000	1
-0.078103	-4.500000	2
-0.112471	-3.500000	2
0.094553	-2.500000	1
-0.029264	-3.500000	1
-0.100674	-6.500000	1
0.047104	-3.500000	2
-0.127758	-7.500000	1
-0.019111	0.500000	2
0.011680	2.500000	1
0.018305	-3.500000	2
-0.041198	-3.500000	2
-0.283555	-0.500000	2
-0.112891	-2.500000	2
0.557252	6.500000	1
-0.135594	-3.500000	1
-0.048177	0.500000	1
-0.108026	-4.500000	1
0.044614	0.500000	1
-0.214107	-4.500000	2
-0.049946	-0.500000	2
0.132964	7.500000	2
-0.018385	-2.500000	2
-0.139009	18.500000	1
-0.185409	-3.500000	2
-0.225085	4.500000	1
-0.038029	-4.500000	1
-0.149677	-4.500000	1
-0.001926	1.500000	1
-0.100589	7.500000	2
0.028021	10.500000	1
-0.127526	-2.500000	1
0.164267	-1.500000	1
0.219029	-0.500000	1
-0.118168	-0.500000	1
-0.069361	-1.500000	1
-0.274559	-1.500000	1
-0.185041	9.500000	1
0.029694	-6.500000	1
-0.072757	0.500000	1
0.114984	-3.500000	2
0.037388	15.500000	2
0.027518	-4.500000	2
-0.352858	-1.500000	2
-0.066264	-1.500000	1
-0.117739	-4.500000	1
-0.228681	-3.500000	2
0.285509	26.500000	1
0.136307	9.500000	1
0.185658	4.500000	1
-0.142076	-6.500000	1
-0.169456	-2.500000	2
-0.254819	8.500000	2
0.327749	17.500000	1
-0.143114	-4.500000	2
-0.144688	-3.500000	2
0.143232	-2.500000	1
-0.034394	-3.500000	1
-0.210097	-6.500000	1
-0.073613	-3.500000	2
-0.161656	-7.500000	1
0.022175	0.500000	2
0.018063	2.500000	1
-0.082513	-3.500000	2
-0.046250	-3.500000	2
-0.186715	-0.500000	2
0.034293	-2.500000	2
-0.385075	6.500000	1
-0.013723	-3.500000	1
0.180765	0.500000	1
-0.046164	-4.500000	1
0.031899	0.500000	1
-0.131952	-4.500000	2
-0.075407	-0.500000	2
0.144856	7.500000	2
-0.060731	-2.500000	2
-0.026130	18.500000	1
-0.097889	-3.500000	2
-0.118485	4.500000	1
-0.076990	-4.500000	1
0.053881	-4.500000	1
0.119577	1.500000	1
-0.096091	7.500000	2
0.052736	10.500000	1
-0.229311	-2.500000	1
0.238846	-1.500000	1
0.247296	-0.500000	1
-0.051995	-0.500000	1
-0.214834	-1.500000	1
-0.209862	-1.500000	1
-0.165029	9.500000	1
0.313130	-6.500000	1
0.163486	0.500000	1
0.224701	-3.500000	2
0.233493	15.500000	2
0.106683	-4.500000	2
-0.293043	-1.500000	2
-0.092548	-1.500000	1
-0.104717	-4.500000	1
-0.272660	-3.500000	2
0.250913	26.500000	1
0.020514	9.500000	1
0.119274	4.500000	1
0.069894	-6.500000	1
-0.166278	-2.500000	2
-0.208605	8.500000	2
0.149982	17.500000	1
-0.268807	-4.500000	2
-0.053673	-3.500000	2
-0.115928	-2.500000	1
0.003087	-3.500000	1
-0.272687	-6.500000	1
-0.141989	-2.500000	1
0.099922	-6.500000	1
-0.065360	1.500000	1
0.057490	6.500000	1
-0.124121	4.500000	2
-0.029802	-7.500000	2
0.459674	4.500000	2
0.041385	12.500000	2
0.487704	-4.500000	2
0.015437	1.500000	1
-0.101426	10.500000	2
-0.108544	-4.500000	1
0.128320	2.500000	1
-0.155512	15.500000	1
0.001112	-3.500000	1
0.085530	0.500000	2
0.081761	-7.500000	1
-0.185563	-7.500000	1
0.382702	13.500000	1
-0.236787	-3.500000	1
0.208188	-2.500000	1
0.149919	6.500000	1
-0.256940	1.500000	1
0.123166	-5.500000	1
-0.188581	-4.500000	1
-0.081670	-3.500000	1
-0.071800	-5.500000	2
-0.193687	-0.500000	2
-0.299826	-3.500000	2
-0.073338	-0.500000	2
0.122622	1.500000	1
0.102501	-3.500000	1
0.027275	-4.500000	1
-0.020483	0.500000	1
-0.016084	-3.500000	1
-0.296807	-3.500000	2
-0.159281	-4.500000	2
0.039377	-4.500000	1
0.367398	3.500000	2
0.064628	-1.500000	2
0.295259	4.500000	2
-0.028733	-2.500000	1
-0.039358	-3.500000	1
-0.163939	-3.500000	2
-0.165428	-7.500000	2
-0.148713	-3.500000	1
-0.186919	-3.500000	1
-0.096220	-5.500000	2
0.099965	-3.500000	1
-0.027618	-2.500000	1
0.198765	-6.500000	1
0.175812	1.500000	1
0.151400	6.500000	1
0.072677	4.500000	2
-0.002516	-7.500000	2
0.294987	4.500000	2
0.111632	12.500000	2
-0.117073	-4.500000	2
-0.015274	1.500000	1
0.149989	10.500000	2
0.003823	-4.500000	1
0.199030	2.500000	1
0.078558	15.500000	1
0.309435	-3.500000	1
0.197920	0.500000	2
0.231519	-7.500000	1
-0.141109	-7.500000	1
0.367041	13.500000	1
0.104993	-3.500000	1
0.310455	-2.500000	1
0.162223	6.500000	1
0.016307	1.500000	1
0.117679	-5.500000	1
-0.068037	-4.500000	1
0.102119	-3.500000	1
0.080001	-5.500000	2
-0.065733	-0.500000	2
0.248898	-3.500000	2
0.067701	-0.500000	2
0.169241	1.500000	1
0.023987	-3.500000	1
0.105447	-4.500000	1
0.228362	0.500000	1
-0.013370	-3.500000	1
-0.237213	-3.500000	2
-0.022811	-4.500000	2
0.342940	-4.500000	1
0.302121	3.500000	2
-0.049062	-1.500000	2
0.397143	4.500000	2
0.095904	-2.500000	1
0.189833	-3.500000	1
0.152100	-3.500000	2
-0.083165	-7.500000	2
-0.004032	-3.500000	1
-0.144955	-3.500000	1
0.218742	-5.500000	2
0.083135	-3.500000	1
-0.019549	-2.500000	1
0.221223	-6.500000	1
0.112311	1.500000	1
0.097940	6.500000	1
0.004477	4.500000	2
-0.036243	-7.500000	2
0.279501	4.500000	2
-0.069590	12.500000	2
0.251730	-4.500000	2
-0.042663	1.500000	1
-0.040577	10.500000	2
-0.145098	-4.500000	1
0.140529	2.500000	1
0.017146	15.500000	1
-0.047829	-3.500000	1
0.161320	0.500000	2
0.106750	-7.500000	1
-0.232251	-7.500000	1
0.247715	13.500000	1
-0.176557	-3.500000	1
0.120206	-2.500000	1
0.149258	6.500000	1
-0.304500	1.500000	1
-0.044580	-5.500000	1
-0.265913	-4.500000	1
-0.115847	-3.500000	1
-0.149998	-5.500000	2
-0.183027	-0.500000	2
0.038346	-3.500000	2
-0.147728	-0.500000	2
0.061180	1.500000	1
0.041298	-3.500000	1
0.011202	-4.500000	1
-0.038715	0.500000	1
-0.012257	-3.500000	1
-0.259534	-3.500000	2
-0.177322	-4.500000	2
0.011634	-4.500000	1
0.349585	3.500000	2
-0.096716	-1.500000	2
0.396968	4.500000	2
0.026579	-2.500000	1
-0.080872	-3.500000	1
-0.046159	-3.500000	2
-0.239026	-7.500000	2
-0.133157	-3.500000	1
-0.197856	-3.500000	1
0.041360	-5.500000	2
0.103945	-3.500000	1
-0.121231	-2.500000	1
0.163623	-6.500000	1
0.181895	1.500000	1
0.111496	6.500000	1
-0.054763	4.500000	2
0.075732	-7.500000	2
0.252073	4.500000	2
0.165445	12.500000	2
0.715281	-4.500000	2
-0.159217	1.500000	1
0.134118	10.500000	2
0.044880	-4.500000	1
0.208053	2.500000	1
-0.086764	15.500000	1
0.121807	-3.500000	1
0.085144	0.500000	2
0.038317	-7.500000	1
-0.201547	-7.500000	1
0.188980	13.500000	1
-0.265986	-3.500000	1
0.148260	-2.500000	1
0.077223	6.500000	1
-0.252696	1.500000	1
0.127767	-5.500000	1
-0.056073	-4.500000	1
-0.109603	-3.500000	1
-0.100672	-5.500000	2
-0.171842	-0.500000	2
-0.182632	-3.500000	2
-0.017410	-0.500000	2
0.115112	1.500000	1
-0.116853	-3.500000	1
0.020239	-4.500000	1
0.089241	0.500000	1
0.120301	-3.500000	1
-0.310861	-3.500000	2
-0.131718	-4.500000	2
0.144044	-4.500000	1
0.311784	3.500000	2
-0.005393	-1.500000	2
0.302501	4.500000	2
-0.072768	-2.500000	1
0.009232	-3.500000	1
-0.094741	-3.500000	2
-0.085501	-7.500000	2
0.117759	-3.500000	1
-0.042351	-3.500000	1
-0.061207	-5.500000	2
0.185770	-3.500000	1
